- orientation:
    w: 0.6347550847670618
    x: -0.010385810337831671
    y: -0.003334812676402668
    z: -0.7726363933509736
  position:
    x: 22.16735984399926
    y: 11.713476268930297
    z: -0.1867848915440788
